=== d2diag demo sniff feed (synthetic, no car data): Td5 fast init, then rpm (21 09) and battery (21 10) reads, looped by --replay ===
[    100] 81 13 f7 81 0c
[    200] 02 21 09 2c 04 61 09 03 0c 7d
[    300] 02 21 10 33 04 61 10 36 4c f7
[    400] 02 21 09 2c 04 61 09 03 14 85
[    500] 02 21 10 33 04 61 10 36 73 1e
[    600] 02 21 09 2c 04 61 09 03 1e 8f
[    700] 02 21 10 33 04 61 10 36 9a 45
[    800] 02 21 09 2c 04 61 09 03 2b 9c
[    900] 02 21 10 33 04 61 10 36 a1 4c
[   1000] 02 21 09 2c 04 61 09 03 23 94
[   1100] 02 21 10 33 04 61 10 36 c7 72
[   1200] 02 21 09 2c 04 61 09 03 34 a5
[   1300] 02 21 10 33 04 61 10 36 cc 77
[   1400] 02 21 09 2c 04 61 09 03 47 b8
[   1500] 02 21 10 33 04 61 10 36 ef 9a
[   1600] 02 21 09 2c 04 61 09 03 45 b6
[   1700] 02 21 10 33 04 61 10 37 10 bc
[   1800] 02 21 09 2c 04 61 09 03 5d ce
[   1900] 02 21 10 33 04 61 10 37 11 bd
[   2000] 02 21 09 2c 04 61 09 03 76 e7
[   2100] 02 21 10 33 04 61 10 37 2e da
[   2200] 02 21 09 2c 04 61 09 03 7b ec
[   2300] 02 21 10 33 04 61 10 37 2b d7
[   2400] 02 21 09 2c 04 61 09 03 98 09
[   2500] 02 21 10 33 04 61 10 37 43 ef
[   2600] 02 21 09 2c 04 61 09 03 b8 29
[   2700] 02 21 10 33 04 61 10 37 3b e7
[   2800] 02 21 09 2c 04 61 09 03 d9 4a
[   2900] 02 21 10 33 04 61 10 37 4f fb
[   3000] 02 21 09 2c 04 61 09 03 e5 56
[   3100] 02 21 10 33 04 61 10 37 60 0c
[   3200] 02 21 09 2c 04 61 09 04 09 7b
[   3300] 02 21 10 33 04 61 10 37 4f fb
[   3400] 02 21 09 2c 04 61 09 04 2f a1
[   3500] 02 21 10 33 04 61 10 37 5b 07
[   3600] 02 21 09 2c 04 61 09 04 40 b2
[   3700] 02 21 10 33 04 61 10 37 45 f1
[   3800] 02 21 09 2c 04 61 09 04 69 db
[   3900] 02 21 10 33 04 61 10 37 4b f7
[   4000] 02 21 09 2c 04 61 09 04 93 05
[   4100] 02 21 10 33 04 61 10 37 4e fa
[   4200] 02 21 09 2c 04 61 09 04 a8 1a
[   4300] 02 21 10 33 04 61 10 37 31 dd
[   4400] 02 21 09 2c 04 61 09 04 d5 47
[   4500] 02 21 10 33 04 61 10 37 2f db
[   4600] 02 21 09 2c 04 61 09 05 02 75
[   4700] 02 21 10 33 04 61 10 37 0d b9
[   4800] 02 21 09 2c 04 61 09 05 1a 8d
[   4900] 02 21 10 33 04 61 10 37 07 b3
[   5000] 02 21 09 2c 04 61 09 05 4a bd
[   5100] 02 21 10 33 04 61 10 36 e1 8c
[   5200] 02 21 09 2c 04 61 09 05 7a ed
[   5300] 02 21 10 33 04 61 10 36 d8 83
[   5400] 02 21 09 2c 04 61 09 05 ab 1e
[   5500] 02 21 10 33 04 61 10 36 ce 79
[   5600] 02 21 09 2c 04 61 09 05 c5 38
[   5700] 02 21 10 33 04 61 10 36 a3 4e
[   5800] 02 21 09 2c 04 61 09 05 f6 69
[   5900] 02 21 10 33 04 61 10 36 97 42
[   6000] 02 21 09 2c 04 61 09 06 28 9c
[   6100] 02 21 10 33 04 61 10 36 6b 16
[   6200] 02 21 09 2c 04 61 09 06 43 b7
[   6300] 02 21 10 33 04 61 10 36 5e 09
[   6400] 02 21 09 2c 04 61 09 06 75 e9
[   6500] 02 21 10 33 04 61 10 36 32 dd
[   6600] 02 21 09 2c 04 61 09 06 a7 1b
[   6700] 02 21 10 33 04 61 10 36 25 d0
[   6800] 02 21 09 2c 04 61 09 06 c1 35
[   6900] 02 21 10 33 04 61 10 36 19 c4
[   7000] 02 21 09 2c 04 61 09 06 f2 66
[   7100] 02 21 10 33 04 61 10 35 ee 98
[   7200] 02 21 09 2c 04 61 09 07 23 98
[   7300] 02 21 10 33 04 61 10 35 e4 8e
[   7400] 02 21 09 2c 04 61 09 07 53 c8
[   7500] 02 21 10 33 04 61 10 35 bc 66
[   7600] 02 21 09 2c 04 61 09 07 6c e1
[   7700] 02 21 10 33 04 61 10 35 b5 5f
[   7800] 02 21 09 2c 04 61 09 07 9b 10
[   7900] 02 21 10 33 04 61 10 35 af 59
[   8000] 02 21 09 2c 04 61 09 07 c8 3d
[   8100] 02 21 10 33 04 61 10 35 8d 37
[   8200] 02 21 09 2c 04 61 09 07 de 53
[   8300] 02 21 10 33 04 61 10 35 8b 35
[   8400] 02 21 09 2c 04 61 09 08 0a 80
[   8500] 02 21 10 33 04 61 10 35 6e 18
[   8600] 02 21 09 2c 04 61 09 08 34 aa
[   8700] 02 21 10 33 04 61 10 35 71 1b
[   8800] 02 21 09 2c 04 61 09 08 46 bc
[   8900] 02 21 10 33 04 61 10 35 58 02
[   9000] 02 21 09 2c 04 61 09 08 6e e4
[   9100] 02 21 10 33 04 61 10 35 61 0b
[   9200] 02 21 09 2c 04 61 09 08 94 0a
[   9300] 02 21 10 33 04 61 10 35 6d 17
[   9400] 02 21 09 2c 04 61 09 08 a1 17
[   9500] 02 21 10 33 04 61 10 35 5c 06
[   9600] 02 21 09 2c 04 61 09 08 c4 3a
[   9700] 02 21 10 33 04 61 10 35 6d 17
[   9800] 02 21 09 2c 04 61 09 08 e5 5b
[   9900] 02 21 10 33 04 61 10 35 62 0c
[  10000] 02 21 09 2c 04 61 09 09 05 7c
[  10100] 02 21 10 33 04 61 10 35 79 23
[  10200] 02 21 09 2c 04 61 09 09 0b 82
[  10300] 02 21 10 33 04 61 10 35 91 3b
[  10400] 02 21 09 2c 04 61 09 09 27 9e
[  10500] 02 21 10 33 04 61 10 35 8e 38
[  10600] 02 21 09 2c 04 61 09 09 40 b7
[  10700] 02 21 10 33 04 61 10 35 ab 55
[  10800] 02 21 09 2c 04 61 09 09 41 b8
[  10900] 02 21 10 33 04 61 10 35 ac 56
[  11000] 02 21 09 2c 04 61 09 09 56 cd
[  11100] 02 21 10 33 04 61 10 35 cd 77
[  11200] 02 21 09 2c 04 61 09 09 69 e0
[  11300] 02 21 10 33 04 61 10 35 d1 7b
[  11400] 02 21 09 2c 04 61 09 09 63 da
[  11500] 02 21 10 33 04 61 10 35 f5 9f
[  11600] 02 21 09 2c 04 61 09 09 72 e9
[  11700] 02 21 10 33 04 61 10 36 1b c6
[  11800] 02 21 09 2c 04 61 09 09 7f f6
[  11900] 02 21 10 33 04 61 10 36 22 cd
[  12000] 02 21 09 2c 04 61 09 09 89 00
[  12100] 02 21 10 33 04 61 10 36 49 f4
[  12200] 02 21 09 2c 04 61 09 09 7a f1
[  12300] 02 21 10 33 04 61 10 36 51 fc
[  12400] 02 21 09 2c 04 61 09 09 80 f7
[  12500] 02 21 10 33 04 61 10 36 78 23
[  12600] 02 21 09 2c 04 61 09 09 84 fb
[  12700] 02 21 10 33 04 61 10 36 80 2b
[  12800] 02 21 09 2c 04 61 09 09 6e e5
[  12900] 02 21 10 33 04 61 10 36 a6 51
[  13000] 02 21 09 2c 04 61 09 09 6d e4
[  13100] 02 21 10 33 04 61 10 36 cc 77
[  13200] 02 21 09 2c 04 61 09 09 6a e1
[  13300] 02 21 10 33 04 61 10 36 d1 7c
[  13400] 02 21 09 2c 04 61 09 09 4e c5
[  13500] 02 21 10 33 04 61 10 36 f4 9f
[  13600] 02 21 09 2c 04 61 09 09 47 be
[  13700] 02 21 10 33 04 61 10 36 f6 a1
[  13800] 02 21 09 2c 04 61 09 09 3d b4
[  13900] 02 21 10 33 04 61 10 37 16 c2
[  14000] 02 21 09 2c 04 61 09 09 1b 92
[  14100] 02 21 10 33 04 61 10 37 33 df
[  14200] 02 21 09 2c 04 61 09 09 0d 84
[  14300] 02 21 10 33 04 61 10 37 30 dc
[  14400] 02 21 09 2c 04 61 09 08 fe 74
[  14500] 02 21 10 33 04 61 10 37 48 f4
[  14600] 02 21 09 2c 04 61 09 08 ec 62
[  14700] 02 21 10 33 04 61 10 37 40 ec
[  14800] 02 21 09 2c 04 61 09 08 c2 38
[  14900] 02 21 10 33 04 61 10 37 54 00
[  15000] 02 21 09 2c 04 61 09 08 ad 23
[  15100] 02 21 10 33 04 61 10 37 46 f2
[  15200] 02 21 09 2c 04 61 09 08 97 0d
[  15300] 02 21 10 33 04 61 10 37 54 00
[  15400] 02 21 09 2c 04 61 09 08 68 de
[  15500] 02 21 10 33 04 61 10 37 60 0c
[  15600] 02 21 09 2c 04 61 09 08 4e c4
[  15700] 02 21 10 33 04 61 10 37 4a f6
[  15800] 02 21 09 2c 04 61 09 08 33 a9
[  15900] 02 21 10 33 04 61 10 37 50 fc
[  16000] 02 21 09 2c 04 61 09 08 00 76
[  16100] 02 21 10 33 04 61 10 37 34 e0
[  16200] 02 21 09 2c 04 61 09 07 e2 57
[  16300] 02 21 10 33 04 61 10 37 36 e2
[  16400] 02 21 09 2c 04 61 09 07 c3 38
[  16500] 02 21 10 33 04 61 10 37 34 e0
[  16600] 02 21 09 2c 04 61 09 07 a4 19
[  16700] 02 21 10 33 04 61 10 37 12 be
[  16800] 02 21 09 2c 04 61 09 07 6c e1
[  16900] 02 21 10 33 04 61 10 37 0c b8
[  17000] 02 21 09 2c 04 61 09 07 4a bf
[  17100] 02 21 10 33 04 61 10 36 e6 91
[  17200] 02 21 09 2c 04 61 09 07 28 9d
[  17300] 02 21 10 33 04 61 10 36 dd 88
[  17400] 02 21 09 2c 04 61 09 06 ee 62
[  17500] 02 21 10 33 04 61 10 36 b4 5f
[  17600] 02 21 09 2c 04 61 09 06 cb 3f
[  17700] 02 21 10 33 04 61 10 36 a8 53
[  17800] 02 21 09 2c 04 61 09 06 a8 1c
[  17900] 02 21 10 33 04 61 10 36 9c 47
[  18000] 02 21 09 2c 04 61 09 06 6d e1
[  18100] 02 21 10 33 04 61 10 36 70 1b
[  18200] 02 21 09 2c 04 61 09 06 49 bd
[  18300] 02 21 10 33 04 61 10 36 63 0e
[  18400] 02 21 09 2c 04 61 09 06 25 99
[  18500] 02 21 10 33 04 61 10 36 37 e2
[  18600] 02 21 09 2c 04 61 09 05 ea 5d
[  18700] 02 21 10 33 04 61 10 36 2a d5
[  18800] 02 21 09 2c 04 61 09 05 c7 3a
[  18900] 02 21 10 33 04 61 10 35 ff a9
[  19000] 02 21 09 2c 04 61 09 05 a4 17
[  19100] 02 21 10 33 04 61 10 35 f3 9d
[  19200] 02 21 09 2c 04 61 09 05 81 f4
[  19300] 02 21 10 33 04 61 10 35 e9 93
[  19400] 02 21 09 2c 04 61 09 05 48 bb
[  19500] 02 21 10 33 04 61 10 35 c1 6b
[  19600] 02 21 09 2c 04 61 09 05 26 99
[  19700] 02 21 10 33 04 61 10 35 ba 64
[  19800] 02 21 09 2c 04 61 09 05 05 78
[  19900] 02 21 10 33 04 61 10 35 95 3f
[  20000] 02 21 09 2c 04 61 09 04 cf 41
[  20100] 02 21 10 33 04 61 10 35 92 3c
[  20200] 02 21 09 2c 04 61 09 04 b0 22
[  20300] 02 21 10 33 04 61 10 35 90 3a
[  20400] 02 21 09 2c 04 61 09 04 92 04
[  20500] 02 21 10 33 04 61 10 35 73 1d
[  20600] 02 21 09 2c 04 61 09 04 5f d1
[  20700] 02 21 10 33 04 61 10 35 76 20
[  20800] 02 21 09 2c 04 61 09 04 44 b6
[  20900] 02 21 10 33 04 61 10 35 5d 07
[  21000] 02 21 09 2c 04 61 09 04 2a 9c
[  21100] 02 21 10 33 04 61 10 35 66 10
[  21200] 02 21 09 2c 04 61 09 04 12 84
[  21300] 02 21 10 33 04 61 10 35 53 fd
[  21400] 02 21 09 2c 04 61 09 03 e5 56
[  21500] 02 21 10 33 04 61 10 35 61 0b
[  21600] 02 21 09 2c 04 61 09 03 d0 41
[  21700] 02 21 10 33 04 61 10 35 72 1c
[  21800] 02 21 09 2c 04 61 09 03 bd 2e
[  21900] 02 21 10 33 04 61 10 35 67 11
[  22000] 02 21 09 2c 04 61 09 03 94 05
[  22100] 02 21 10 33 04 61 10 35 7e 28
[  22200] 02 21 09 2c 04 61 09 03 85 f6
[  22300] 02 21 10 33 04 61 10 35 77 21
[  22400] 02 21 09 2c 04 61 09 03 77 e8
[  22500] 02 21 10 33 04 61 10 35 93 3d
[  22600] 02 21 09 2c 04 61 09 03 55 c6
[  22700] 02 21 10 33 04 61 10 35 b0 5a
[  22800] 02 21 09 2c 04 61 09 03 4b bc
[  22900] 02 21 10 33 04 61 10 35 b1 5b
[  23000] 02 21 09 2c 04 61 09 03 44 b5
[  23100] 02 21 10 33 04 61 10 35 d2 7c
[  23200] 02 21 09 2c 04 61 09 03 28 99
[  23300] 02 21 10 33 04 61 10 35 d6 80
[  23400] 02 21 09 2c 04 61 09 03 25 96
[  23500] 02 21 10 33 04 61 10 35 fa a4
[  23600] 02 21 09 2c 04 61 09 03 24 95
[  23700] 02 21 10 33 04 61 10 36 01 ac
[  23800] 02 21 09 2c 04 61 09 03 25 96
[  23900] 02 21 10 33 04 61 10 36 27 d2
[  24000] 02 21 09 2c 04 61 09 03 12 83
[  24100] 02 21 10 33 04 61 10 36 4e f9
